bbox_01	(-19, 27, -13, 30)	195566 km2
bbox_02	(-26, 37, -24, 38)	19618 km2
bbox_03	(-18, 30, -15, 34)	125801 km2
bbox_04	(-13, 27, -10, 29)	65499 km2
bbox_05	(-11, 29, -10, 30)	10761 km2
bbox_06	(-9, 36, -3, 38)	118489 km2
bbox_07	(-32, 38, -28, 40)	76867 km2
bbox_08	(-28, 38, -27, 40)	19217 km2
bbox_09	(-10, 38, -8, 44)	111927 km2
bbox_10	(-8, 38, -3, 42)	189394 km2

bbox_11	(-8, 42, -3, 50)	343281 km2
bbox_12	(-3, 36, 2, 42)	288135 km2
bbox_13	(2, 35, 8, 42)	406158 km2
bbox_14	(-3, 42, 8, 46)	391264 km2
bbox_15	(-3, 46, 8, 50)	363954 km2
bbox_16	(8, 35, 13, 42)	338465 km2
bbox_17	(13, 35, 19, 42)	406158 km2
bbox_18	(8, 42, 19, 46)	391264 km2
bbox_19	(8, 46, 16, 50)	264694 km2
bbox_20	(-11, 50, -4, 57)	360151 km2
bbox_21	(-4, 50, 4, 57)	411601 km2
bbox_22	(-25, 63, -15, 67)	208973 km2
bbox_23	(-9, 57, -1, 60)	155031 km2
bbox_24	(-15, 60, 0, 65)	428056 km2
bbox_25	(-15, 65, -13, 67)	20115 km2
bbox_26	(4, 50, 10, 55)	225736 km2
bbox_27	(10, 50, 16, 55)	225736 km2
bbox_28	(4, 55, 11, 60)	232444 km2
bbox_29	(11, 55, 18, 60)	232444 km2
bbox_30	(18, 56, 32, 60)	366843 km2
bbox_31	(4, 60, 18, 65)	399519 km2
bbox_32	(10, 65, 18, 70)	189205 km2
bbox_33	(18, 60, 32, 65)	399519 km2
bbox_34	(18, 65, 32, 71)	388891 km2
